train_mse:7.001014321881315e-05
test_mse:0.000123430106553892
train_rmse:0.008367206416649058
test_rmse:0.011109910285591508
train_r2:0.9845328399760495
test_r2:0.9749011490663367
train_mae:0.007340860040064188
test_mae:0.009805018641729706
