train_mse:0.00035538867814466357
test_mse:1.906034867715789e-07
train_rmse:0.018851755306725778
test_rmse:0.0004365815923416594
train_r2:-0.00041925907135009766
test_r2:0.0
train_mae:0.0008394038886763155
test_mae:0.0004365816421341151
